  0.915569484               1
  0.917194247               2
  0.918805361               3
  0.920402706               4
  0.921986222               5
  0.923555851               6
  0.925111473               7
  0.926653087               8
  0.928180575               9
  0.929693818              10
  0.931192756              11
  0.932677329              12
  0.934147418              13
  0.935603023              14
  0.937044024              15
  0.938470364              16
  0.939881921              17
  0.941278696              18
  0.942660570              19
  0.944027483              20
  0.945379376              21
  0.946716130              22
  0.948037684              23
  0.949344039              24
  0.950635076              25
  0.951910734              26
  0.953170955              27
  0.954415679              28
  0.955644786              29
  0.956858277              30
  0.958056033              31
  0.959238052              32
  0.960404217              33
  0.961554527              34
  0.962688863              35
  0.963807225              36
  0.964909494              37
  0.965995610              38
  0.967065573              39
  0.968119264              40
  0.969156682              41
  0.970177710              42
  0.971182406              43
  0.972170591              44
  0.973142266              45
  0.974097371              46
  0.975035906              47
  0.975957751              48
  0.976862848              49
  0.977751255              50
  0.978622794              51
  0.979477525              52
  0.980315328              53
  0.981136203              54
  0.981940091              55
  0.982726932              56
  0.983496666              57
  0.984249353              58
  0.984984875              59
  0.985703170              60
  0.986404240              61
  0.987088084              62
  0.987754583              63
  0.988403738              64
  0.989035547              65
  0.989649951              66
  0.990246892              67
  0.990826309              68
  0.991388321              69
  0.991932690              70
  0.992459595              71
  0.992968857              72
  0.993460476              73
  0.993934453              74
  0.994390786              75
  0.994829416              76
  0.995250344              77
  0.995653450              78
  0.996038854              79
  0.996406496              80
  0.996756256              81
  0.997088253              82
  0.997402370              83
  0.997698665              84
  0.997977078              85
  0.998237550              86
  0.998480141              87
  0.998704851              88
  0.998911619              89
  0.999100387              90
  0.999271274              91
  0.999424160              92
  0.999559104              93
  0.999676049              94
  0.999775052              95
  0.999855995              96
  0.999918997              97
  0.999963999              98
  0.999991000              99
   1.00000000             100
