         502         100   1.00000000       0.00000000    
         503          99  0.999991000       0.00000000    
         504          98  0.999963999       0.00000000    
         505          97  0.999918997       0.00000000    
         506          96  0.999855995       0.00000000    
         507          95  0.999775052       0.00000000    
         508          94  0.999676049       0.00000000    
         509          93  0.999559104       0.00000000    
         510          92  0.999424160       0.00000000    
         511          91  0.999271274       0.00000000    
         512          90  0.999100387       0.00000000    
         513          89  0.998911619       0.00000000    
         514          88  0.998704851       0.00000000    
         515          87  0.998480141       0.00000000    
         516          86  0.998237550       0.00000000    
         517          85  0.997977078       0.00000000    
         518          84  0.997698665       0.00000000    
         519          83  0.997402370       0.00000000    
         520          82  0.997088253       0.00000000    
         521          81  0.996756256       0.00000000    
         522          80  0.996406496       0.00000000    
         523          79  0.996038854       0.00000000    
         524          78  0.995653450       0.00000000    
         525          77  0.995250344       0.00000000    
         526          76  0.994829416       0.00000000    
         527          75  0.994390786       0.00000000    
         528          74  0.993934453       0.00000000    
         529          73  0.993460476       0.00000000    
         530          72  0.992968857       0.00000000    
         531          71  0.992459595       0.00000000    
         532          70  0.991932690       0.00000000    
         533          69  0.991388321       0.00000000    
         534          68  0.990826309       0.00000000    
         535          67  0.990246892       0.00000000    
         536          66  0.989649951       0.00000000    
         537          65  0.989035547       0.00000000    
         538          64  0.988403738       0.00000000    
         539          63  0.987754583       0.00000000    
         540          62  0.987088084       0.00000000    
         541          61  0.986404240       0.00000000    
         542          60  0.985703170       0.00000000    
         543          59  0.984984875       0.00000000    
         544          58  0.984249353       0.00000000    
         545          57  0.983496666       0.00000000    
         546          56  0.982726932       0.00000000    
         547          55  0.981940091       0.00000000    
         548          54  0.981136203       0.00000000    
         549          53  0.980315328       0.00000000    
         550          52  0.979477525       0.00000000    
         551          51  0.978622794       0.00000000    
         552          50  0.977751255       0.00000000    
         553          49  0.976862848       0.00000000    
         554          48  0.975957751       0.00000000    
         555          47  0.975035906       0.00000000    
         556          46  0.974097371       0.00000000    
         557          45  0.973142266       0.00000000    
         558          44  0.972170591       0.00000000    
         559          43  0.971182406       0.00000000    
         560          42  0.970177710       0.00000000    
         561          41  0.969156682       0.00000000    
         562          40  0.968119264       0.00000000    
         563          39  0.967065573       0.00000000    
         564          38  0.965995610       0.00000000    
         565          37  0.964909494       0.00000000    
         566          36  0.963807225       0.00000000    
         567          35  0.962688863       0.00000000    
         568          34  0.961554527       0.00000000    
         569          33  0.960404217       0.00000000    
         570          32  0.959238052       0.00000000    
         571          31  0.958056033       0.00000000    
         572          30  0.956858277       0.00000000    
         573          29  0.955644786       0.00000000    
         574          28  0.954415679       0.00000000    
         575          27  0.953170955       0.00000000    
         576          26  0.951910734       0.00000000    
         577          25  0.950635076       0.00000000    
         578          24  0.949344039       0.00000000    
         579          23  0.948037684       0.00000000    
         580          22  0.946716130       0.00000000    
         581          21  0.945379376       0.00000000    
         582          20  0.944027483       0.00000000    
         583          19  0.942660570       0.00000000    
         584          18  0.941278696       0.00000000    
         585          17  0.939881921       0.00000000    
         586          16  0.938470364       0.00000000    
         587          15  0.937044024       0.00000000    
         588          14  0.935603023       0.00000000    
         589          13  0.934147418       0.00000000    
         590          12  0.932677329       0.00000000    
         591          11  0.931192756       0.00000000    
         592          10  0.929693818       0.00000000    
         593           9  0.928180575       0.00000000    
         594           8  0.926653087       0.00000000    
         595           7  0.925111473       0.00000000    
         596           6  0.923555851       0.00000000    
         597           5  0.921986222       0.00000000    
         598           4  0.920402706       0.00000000    
         599           3  0.918805361       0.00000000    
         600           2  0.917194247       0.00000000    
         601           1  0.915569484       0.00000000    
