         202         100
         203          99
         204          98
         205          97
         206          96
         207          95
         208          94
         209          93
         210          92
         211          91
         212          90
         213          89
         214          88
         215          87
         216          86
         217          85
         218          84
         219          83
         220          82
         221          81
         222          80
         223          79
         224          78
         225          77
         226          76
         227          75
         228          74
         229          73
         230          72
         231          71
         232          70
         233          69
         234          68
         235          67
         236          66
         237          65
         238          64
         239          63
         240          62
         241          61
         242          60
         243          59
         244          58
         245          57
         246          56
         247          55
         248          54
         249          53
         250          52
         251          51
         252          50
         253          49
         254          48
         255          47
         256          46
         257          45
         258          44
         259          43
         260          42
         261          41
         262          40
         263          39
         264          38
         265          37
         266          36
         267          35
         268          34
         269          33
         270          32
         271          31
         272          30
         273          29
         274          28
         275          27
         276          26
         277          25
         278          24
         279          23
         280          22
         281          21
         282          20
         283          19
         284          18
         285          17
         286          16
         287          15
         288          14
         289          13
         290          12
         291          11
         292          10
         293           9
         294           8
         295           7
         296           6
         297           5
         298           4
         299           3
         300           2
         301           1
